#    radius         i1         i2         i3         i4       mean        std 
#       7.0     26.701     25.778     43.063     65.397     40.235    16.072
#        8.8     25.570     22.420     40.636     51.050     34.919    11.582
#       24.7     26.483     38.439     27.413     32.147     31.121     4.740
       10.6     25.048     25.259     36.204     45.382     32.973     8.466
       12.5     27.119     23.903     29.829     39.956     30.202     6.010
       14.1     29.268     26.482     28.827     36.842     30.355     3.892
       15.9     27.996     25.030     27.368     36.807     29.300     4.473
       16.9     23.376     26.401     25.716     37.356     28.212     5.397
       18.2     31.166     28.315     27.615     35.260     30.589     3.007
       19.8     29.623     27.739     29.610     36.111     30.770     3.177
       21.6     27.413     27.669     28.412     36.908     30.101     3.948
       23.3     30.573     28.646     26.619     33.837     29.919     2.659
